% A function that generates the Observed 
% mean RTs given for the assignment
function ObservedRT = toyRTdata()
    ObservedRT = [313 306 300 293 287 288 285 281 279 275 274 ...
                  273 271 272 275 268 269 265 269 264 266 264 ...
                  265 264 263];
end